data.0:
carl:
228
0 2 1 3

data.1:
carl:
3026
0 44 29 27 17 24 9 20 5 47 4 12 30 6 1 3 36 48 10 32 45 31 49 41 34
22 33 46 18 21 28 13 8 35 42 16 37 19 15 23 7 38 39 2 11 40 26 43 14 25

data.2:
carl:
3665
37 0 27 5 21 9 19 34 36 10 20 48 2 28 45 16 42 17 18 12 24 4 46 26 6
31 33 13 25 15 39 43 40 32 7 49 44 8 23 38 1 41 30 11 29 22 47 3 14 35

data.3:
carl:
3309
3 4 5 6 7 8 9 10 11 12 13 14 15 16 17 18 19 20 21 22 23 25 26 27 28
36 44 0 1 38 45 46 47 48 49 2 24 29 30 31 32 33 34 35 37 39 40 41 42 43

data.4:
carl:
3191
0 33 38 14 31 44 40 11 25 4 45 36 26 20 19 41 48 47 42 12 28 35 3 15 49
9 17 32 24 1 6 27 16 34 21 18 39 8 43 5 37 10 2 29 7 46 30 23 22 13

data.5:
carl:
3618
0 43 24 34 27 3 29 44 42 45 9 8 1 39 15 16 2 19 7 26 37 13 5 35 6
20 47 4 36 23 25 33 49 40 38 22 11 21 12 46 17 10 48 14 18 41 31 32 30 28

data.6:
carl:
3446
18 35 45 3 37 38 4 5 25 2 28 7 39 14 10 8 11 12 48 1 43 27 41 46 9
29 49 22 42 26 34 16 13 36 17 15 44 40 30 31 20 6 23 32 21 24 19 0 33 47

data.7:
carl:
3821
47 0 40 39 27 45 43 22 33 28 9 37 48 35 14 49 15 20 1 18 34 8 7 41 24
36 6 44 11 19 17 31 25 42 12 5 4 3 30 21 23 16 13 26 38 29 46 2 32 10

data.8:
carl:
3634
29 48 4 28 36 13 21 7 15 3 10 24 14 18 22 17 34 38 1 27 2 25 46 26 23
41 19 11 9 40 44 33 0 35 32 49 45 42 8 31 43 12 47 6 37 5 20 39 16 30